     0.00387654     1.4813e-05    0.000136834   -4.11352e-05    -0.00550423    -0.00550053
     1.4813e-05     0.00754862    3.38335e-06   -0.000126942   -0.000439855    0.000319335
    0.000136834    3.38335e-06      0.0125138    -3.1096e-06   -0.000629833   -0.000484514
   -4.11352e-05   -0.000126942    -3.1096e-06      0.0174165   -4.52101e-05    0.000380279
    -0.00550423   -0.000439855   -0.000629833   -4.52101e-05      0.0370223     0.00779925
    -0.00550053    0.000319335   -0.000484514    0.000380279     0.00779925      0.0370012
