     0.00389222    2.99601e-05    0.000161523    2.46776e-05    -0.00552963    -0.00552282
    2.99601e-05     0.00756915    4.73819e-06   -0.000123998   -0.000520825    0.000277571
    0.000161523    4.73819e-06      0.0125502    3.81216e-06   -0.000699703     -0.0006124
    2.46776e-05   -0.000123998    3.81216e-06      0.0174621   -0.000398388    0.000198014
    -0.00552963   -0.000520825   -0.000699703   -0.000398388      0.0370795     0.00783528
    -0.00552282    0.000277571     -0.0006124    0.000198014     0.00783528      0.0370331
