      0.0038909    4.66365e-05     8.1831e-05   -4.00605e-05    -0.00552009    -0.00552162
    4.66365e-05     0.00755919    2.97815e-06   -0.000133958   -0.000181049   -0.000197799
     8.1831e-05    2.97815e-06      0.0125419    1.23583e-06   -3.44209e-05   -0.000630419
   -4.00605e-05   -0.000133958    1.23583e-06       0.017459    0.000341312   -1.59415e-05
    -0.00552009   -0.000181049   -3.44209e-05    0.000341312      0.0370062     0.00783105
    -0.00552162   -0.000197799   -0.000630419   -1.59415e-05     0.00783105      0.0370276
