     0.00386032    4.06626e-05    3.40448e-05   -3.01402e-05    -0.00547628    -0.00547581
    4.06626e-05     0.00752093    1.01829e-06   -0.000132282   -0.000166627   -0.000165362
    3.40448e-05    1.01829e-06      0.0124763    2.83474e-06    0.000180884   -0.000458943
   -3.01402e-05   -0.000132282    2.83474e-06      0.0173715    0.000287226   -4.11973e-05
    -0.00547628   -0.000166627    0.000180884    0.000287226      0.0369457     0.00776085
    -0.00547581   -0.000165362   -0.000458943   -4.11973e-05     0.00776085      0.0369509
